position,1
summary,510563,739295224,203.944,73581,106545288,29.3918,200Mb/s,63.3089
position,1
summary,510563,739295224,203.944,73663,106664024,29.4246,200Mb/s,63.3089
position,1
summary,510563,739295224,203.944,74226,107479248,29.6494,200Mb/s,63.3089
position,1
summary,510563,739295224,203.944,74225,107477800,29.649,200Mb/s,63.3089
position,1
summary,510563,739295224,203.944,74218,107467664,29.6463,200Mb/s,63.3089
position,1
summary,510563,739295224,203.944,74222,107473456,29.6478,200Mb/s,63.3089
position,2
summary,510563,739295224,203.944,73581,106545288,29.3918,200Mb/s,54.278
position,2
summary,510563,739295224,203.944,73663,106664024,29.4246,200Mb/s,54.278
position,2
summary,510563,739295224,203.944,74220,107470560,29.6471,200Mb/s,54.278
position,2
summary,510563,739295224,203.944,74223,107474904,29.6482,200Mb/s,54.278
position,2
summary,510563,739295224,203.944,74218,107467664,29.6463,200Mb/s,54.278
position,2
summary,510563,739295224,203.944,74222,107473456,29.6478,200Mb/s,54.278
position,3
summary,510563,739295224,203.944,73576,106538048,29.3898,200Mb/s,48.9952
position,3
summary,510563,739295224,203.944,73661,106661128,29.4238,200Mb/s,48.9952
position,3
summary,510563,739295224,203.944,74217,107466216,29.6459,200Mb/s,48.9952
position,3
summary,510563,739295224,203.944,74223,107474904,29.6482,200Mb/s,48.9952
position,3
summary,510563,739295224,203.944,74218,107467664,29.6463,200Mb/s,48.9952
position,3
summary,510563,739295224,203.944,74214,107461872,29.6447,200Mb/s,48.9952
position,4
summary,510563,739295224,203.944,73579,106542392,29.391,200Mb/s,45.2471
position,4
summary,510563,739295224,203.944,73658,106656784,29.4226,200Mb/s,45.2471
position,4
summary,510563,739295224,203.944,74217,107466216,29.6459,200Mb/s,45.2471
position,4
summary,510563,739295224,203.944,74225,107477800,29.649,200Mb/s,45.2471
position,4
summary,510563,739295224,203.944,74216,107464768,29.6455,200Mb/s,45.2471
position,4
summary,510563,739295224,203.944,74224,107476352,29.6486,200Mb/s,45.2471
position,5
summary,510563,739295224,203.944,73578,106540944,29.3906,200Mb/s,42.3398
position,5
summary,510563,739295224,203.944,73660,106659680,29.4234,200Mb/s,42.3398
position,5
summary,510563,739295224,203.944,74216,107464768,29.6455,200Mb/s,42.3398
position,5
summary,510563,739295224,203.944,74223,107474904,29.6482,200Mb/s,42.3398
position,5
summary,510563,739295224,203.944,74216,107464768,29.6455,200Mb/s,42.3398
position,5
summary,510563,739295224,203.944,74210,107456080,29.6431,200Mb/s,42.3398
position,6
summary,510563,739295224,203.944,73578,106540944,29.3906,200Mb/s,39.9643
position,6
summary,510563,739295224,203.944,73659,106658232,29.423,200Mb/s,39.9643
position,6
summary,510563,739295224,203.944,74218,107467664,29.6463,200Mb/s,39.9643
position,6
summary,510563,739295224,203.944,74222,107473456,29.6478,200Mb/s,39.9643
position,6
summary,510563,739295224,203.944,74220,107470560,29.6471,200Mb/s,39.9643
position,6
summary,510563,739295224,203.944,74217,107466216,29.6459,200Mb/s,39.9643
position,7
summary,510563,739295224,203.944,73575,106536600,29.3894,200Mb/s,37.9559
position,7
summary,510563,739295224,203.944,73653,106649544,29.4206,200Mb/s,37.9559
position,7
summary,510563,739295224,203.944,74217,107466216,29.6459,200Mb/s,37.9559
position,7
summary,510563,739295224,203.944,74216,107464768,29.6455,200Mb/s,37.9559
